084 084 084 ; 

080 117 116 ; 117 112 ; 105 110 ; 097 ; 112 108 097 099 101 ; 
119 104 101 114 101 ; 105 116 039 115 ; 101 097 115 121 ; 116 111 ; 115 101 101 ; 
116 104 101 ; 099 114 121 112 116 105 099 ; 097 100 109 111 110 105 115 104 109 101 110 116 ; 
084 046 084 046 084 046 ; 

087 104 101 110 ; 121 111 117 ; 102 101 101 108 ; 104 111 119 ; 100 101 112 114 101 115 115 105 110 103 108 121 ; 
115 108 111 119 108 121 ; 121 111 117 ; 099 108 105 109 098 044 ; 
105 116 039 115 ; 119 101 108 108 ; 116 111 ; 114 101 109 101 109 098 101 114 ; 116 104 097 116 ; 
084 104 105 110 103 115 ; 084 097 107 101 ; 084 105 109 101 046 ; 

080 105 101 116 ; 072 101 105 110 ; 
